-6254.2764632951585 0.7330999999999999 0.05 0.21690000000000015
-6247.2431660045595 0.7330999999999999 0.0707 0.19620000000000015
-6226.951891561441 0.7330999999999999 0.0914 0.17550000000000016
-6199.816582600535 0.7330999999999999 0.11209999999999999 0.15480000000000016
-6183.640766873105 0.7330999999999999 0.13279999999999997 0.13410000000000016
-6149.178137512877 0.7330999999999999 0.15349999999999997 0.11340000000000017
-6124.638913552001 0.7330999999999999 0.17419999999999997 0.09270000000000017
-6101.54952912725 0.7330999999999999 0.19489999999999996 0.07200000000000017
-6071.324254503456 0.7330999999999999 0.21559999999999996 0.05130000000000018
-6045.086192063234 0.7330999999999999 0.23629999999999995 0.030600000000000183
-6343.3178963456085 0.7537999999999999 0.05 0.1962000000000001
-6333.360202880035 0.7537999999999999 0.0707 0.1755000000000001
-6306.589056635721 0.7537999999999999 0.0914 0.1548000000000001
-6284.999558182483 0.7537999999999999 0.11209999999999999 0.1341000000000001
-6258.846980971941 0.7537999999999999 0.13279999999999997 0.11340000000000011
-6233.019148513257 0.7537999999999999 0.15349999999999997 0.09270000000000012
-6213.800604843539 0.7537999999999999 0.17419999999999997 0.07200000000000012
-6186.135647164123 0.7537999999999999 0.19489999999999996 0.05130000000000012
-6157.723361604505 0.7537999999999999 0.21559999999999996 0.030600000000000127
-6439.113993710957 0.7745 0.05 0.17550000000000004
-6423.388080493536 0.7745 0.0707 0.15480000000000005
-6398.319090366303 0.7745 0.0914 0.13410000000000005
-6370.762591054632 0.7745 0.11209999999999999 0.11340000000000004
-6349.930625866778 0.7745 0.13279999999999997 0.09270000000000006
-6325.8393017725575 0.7745 0.15349999999999997 0.07200000000000006
-6290.12433371141 0.7745 0.17419999999999997 0.05130000000000007
-6271.908906167129 0.7745 0.19489999999999996 0.03060000000000007
