-3800.794984676623 0.136 0.001 0.863
-3826.1374712677034 0.136 0.0235 0.8405
-3851.295454953209 0.136 0.046 0.818
-3875.71568966407 0.136 0.0685 0.7955
-3900.110381188051 0.136 0.091 0.773
-3924.5408808724633 0.136 0.11349999999999999 0.7505
-3947.79796789629 0.136 0.136 0.728
-3970.6350069525406 0.136 0.1585 0.7055
-3992.0828663615234 0.136 0.181 0.683
-4012.531986479107 0.136 0.2035 0.6605
-4030.1493316813976 0.136 0.22599999999999998 0.638
-4036.3857678829327 0.136 0.2485 0.6154999999999999
-4039.489573246484 0.136 0.271 0.593
-4041.0416305942426 0.136 0.2935 0.5705
-4037.048200969898 0.136 0.316 0.548
-4033.7137590478455 0.136 0.33849999999999997 0.5255000000000001
-4026.9417185940847 0.136 0.361 0.503
-4020.8637108336616 0.136 0.3835 0.4805
-4007.80777954275 0.136 0.40599999999999997 0.458
-3988.1252344594336 0.136 0.4285 0.4355
-3969.794337085596 0.136 0.45099999999999996 0.41300000000000003
-3949.9798894427067 0.136 0.4735 0.3905
-3927.15719526734 0.136 0.496 0.368
-3904.8529257923938 0.136 0.5185 0.34550000000000003
-3876.5565347781985 0.136 0.541 0.32299999999999995
-3846.716737681905 0.136 0.5635 0.3005
-3812.3763014490823 0.136 0.586 0.278
-3774.1235542890436 0.136 0.6084999999999999 0.25550000000000006
-3735.629267217761 0.136 0.631 0.23299999999999998
-3694.678910127177 0.136 0.6535 0.21050000000000002
-3647.8664517050147 0.136 0.6759999999999999 0.18800000000000006
-3597.265310192974 0.136 0.6985 0.16549999999999998
-3545.733998580719 0.136 0.721 0.14300000000000002
-3485.4128367622557 0.136 0.7434999999999999 0.12050000000000005
-3422.8403387195654 0.136 0.766 0.09799999999999998
-3360.575471470562 0.136 0.7885 0.07550000000000001
-3296.1850604830183 0.136 0.8109999999999999 0.05300000000000005
-3231.893429351947 0.136 0.8335 0.03049999999999997
-3147.018390487822 0.136 0.863 0.0010000000000000009
-3898.798328207314 0.1585 0.001 0.8405
-3924.120108052887 0.1585 0.0235 0.8180000000000001
-3949.0014048966177 0.1585 0.046 0.7955
-3974.2341871642507 0.1585 0.0685 0.773
-3997.463163777603 0.1585 0.091 0.7505000000000001
-4021.038408256632 0.1585 0.11349999999999999 0.728
-4044.761175794734 0.1585 0.136 0.7055
-4066.138895631975 0.1585 0.1585 0.683
-4086.984892642814 0.1585 0.181 0.6605000000000001
-4106.032143752139 0.1585 0.2035 0.638
-4118.813137393873 0.1585 0.22599999999999998 0.6155
-4123.537651763658 0.1585 0.2485 0.593
-4127.224958065549 0.1585 0.271 0.5705
-4125.540972058889 0.1585 0.2935 0.548
-4123.416778250258 0.1585 0.316 0.5255000000000001
-4116.938253289616 0.1585 0.33849999999999997 0.5030000000000001
-4112.597256980546 0.1585 0.361 0.48050000000000004
-4101.053031300604 0.1585 0.3835 0.458
-4090.936256563047 0.1585 0.40599999999999997 0.43550000000000005
-4073.4689040598296 0.1585 0.4285 0.41300000000000003
-4051.641731609889 0.1585 0.45099999999999996 0.39050000000000007
-4030.0627727881515 0.1585 0.4735 0.36800000000000005
-4006.149043412293 0.1585 0.496 0.34550000000000003
-3980.7685303683434 0.1585 0.5185 0.32300000000000006
-3953.9522021288635 0.1585 0.541 0.3005
-3922.0094101083455 0.1585 0.5635 0.278
-3885.878807401008 0.1585 0.586 0.25550000000000006
-3848.5280836797137 0.1585 0.6084999999999999 0.2330000000000001
-3806.9748345094904 0.1585 0.631 0.21050000000000002
-3765.499512805034 0.1585 0.6535 0.18800000000000006
-3716.916580188993 0.1585 0.6759999999999999 0.1655000000000001
-3666.119050992589 0.1585 0.6985 0.14300000000000002
-3614.852487850925 0.1585 0.721 0.12050000000000005
-3553.6226108706605 0.1585 0.7434999999999999 0.09800000000000009
-3491.905133377879 0.1585 0.766 0.07550000000000001
-3428.374849347669 0.1585 0.7885 0.05300000000000005
-3364.279790811938 0.1585 0.8109999999999999 0.030500000000000083
-3278.0343336484693 0.1585 0.841 0.000500000000000056
-3996.8598389408817 0.181 0.001 0.818
-4021.9632625409486 0.181 0.0235 0.7955
-4046.6624226139593 0.181 0.046 0.7729999999999999
-4071.3609614629877 0.181 0.0685 0.7505
-4095.242269969797 0.181 0.091 0.728
-4118.130532767717 0.181 0.11349999999999999 0.7055
-4140.676634229585 0.181 0.136 0.6829999999999999
-4161.8883124073645 0.181 0.1585 0.6605
-4182.270259079028 0.181 0.181 0.6379999999999999
-4200.583999916154 0.181 0.2035 0.6154999999999999
-4209.577131962812 0.181 0.22599999999999998 0.593
-4215.765857625898 0.181 0.2485 0.5705
-4214.568886896785 0.181 0.271 0.5479999999999999
-4214.119228495944 0.181 0.2935 0.5255
-4209.299653249708 0.181 0.316 0.5029999999999999
-4203.010299047285 0.181 0.33849999999999997 0.4805
-4194.568168309739 0.181 0.361 0.45799999999999996
-4187.297940792062 0.181 0.3835 0.43549999999999994
-4171.22796319869 0.181 0.40599999999999997 0.413
-4153.389145777791 0.181 0.4285 0.39049999999999996
-4131.603208468855 0.181 0.45099999999999996 0.368
-4109.528181691081 0.181 0.4735 0.3455
-4085.0628435764474 0.181 0.496 0.32299999999999995
-4059.0389085223364 0.181 0.5185 0.3005
-4030.272049221624 0.181 0.541 0.2779999999999999
-3996.6415305347036 0.181 0.5635 0.25549999999999995
-3959.180887560464 0.181 0.586 0.23299999999999998
-3920.9458658670087 0.181 0.6084999999999999 0.21050000000000002
-3879.8380193469234 0.181 0.631 0.18799999999999994
-3834.343729994001 0.181 0.6535 0.16549999999999998
-3785.0611365946615 0.181 0.6759999999999999 0.14300000000000002
-3734.653599804502 0.181 0.6985 0.12049999999999994
-3683.2621096749845 0.181 0.721 0.09799999999999998
-3622.929334016817 0.181 0.7434999999999999 0.07550000000000001
-3559.959452380011 0.181 0.766 0.052999999999999936
-3496.4317412771347 0.181 0.7885 0.03049999999999997
-3412.0805612332856 0.181 0.8180000000000001 0.0009999999999998899
