-4094.567664163076 0.2035 0.001 0.7955
-4120.106619191041 0.2035 0.0235 0.773
-4144.772232857795 0.2035 0.046 0.7505
-4168.711443909053 0.2035 0.0685 0.728
-4191.20466950644 0.2035 0.091 0.7055
-4213.862499849033 0.2035 0.11349999999999999 0.683
-4234.938377909397 0.2035 0.136 0.6605
-4256.700189510088 0.2035 0.1585 0.638
-4275.677531063155 0.2035 0.181 0.6154999999999999
-4290.025468265736 0.2035 0.2035 0.593
-4298.335696270788 0.2035 0.22599999999999998 0.5705
-4300.418238988961 0.2035 0.2485 0.548
-4302.497149060024 0.2035 0.271 0.5255
-4298.691957403447 0.2035 0.2935 0.503
-4293.782802537058 0.2035 0.316 0.4805
-4285.973895050459 0.2035 0.33849999999999997 0.458
-4277.383724941367 0.2035 0.361 0.4355
-4266.288922520797 0.2035 0.3835 0.413
-4252.86090573375 0.2035 0.40599999999999997 0.3905
-4233.773190775227 0.2035 0.4285 0.368
-4211.023300479648 0.2035 0.45099999999999996 0.34550000000000003
-4189.417585625069 0.2035 0.4735 0.323
-4161.321361835198 0.2035 0.496 0.3005
-4136.007289197799 0.2035 0.5185 0.278
-4104.1837829101005 0.2035 0.541 0.25549999999999995
-4069.7427975245396 0.2035 0.5635 0.23299999999999998
-4034.1484008268303 0.2035 0.586 0.21050000000000002
-3992.6710896001787 0.2035 0.6084999999999999 0.18800000000000006
-3950.586936790776 0.2035 0.631 0.16549999999999998
-3903.2240756826595 0.2035 0.6535 0.14300000000000002
-3855.4332920402585 0.2035 0.6759999999999999 0.12050000000000005
-3804.182309369523 0.2035 0.6985 0.09799999999999998
-3752.0236950881194 0.2035 0.721 0.07550000000000001
-3691.247299816082 0.2035 0.7434999999999999 0.05300000000000005
-3628.8863588696618 0.2035 0.766 0.03049999999999997
-3543.2574287768134 0.2035 0.796 0.0004999999999999449
-4192.259843823469 0.22599999999999998 0.001 0.773
-4218.133518826403 0.22599999999999998 0.0235 0.7505000000000001
-4243.26740192454 0.22599999999999998 0.046 0.728
-4265.431951892031 0.22599999999999998 0.0685 0.7055
-4287.671684450092 0.22599999999999998 0.091 0.683
-4309.9804254930905 0.22599999999999998 0.11349999999999999 0.6605000000000001
-4330.265837239241 0.22599999999999998 0.136 0.638
-4349.597315070181 0.22599999999999998 0.1585 0.6155
-4368.770578618077 0.22599999999999998 0.181 0.593
-4379.841689354752 0.22599999999999998 0.2035 0.5705
-4389.184848717762 0.22599999999999998 0.22599999999999998 0.548
-4389.632886568096 0.22599999999999998 0.2485 0.5255000000000001
-4387.931759892077 0.22599999999999998 0.271 0.503
-4384.680988407404 0.22599999999999998 0.2935 0.48050000000000004
-4377.636802894712 0.22599999999999998 0.316 0.458
-4371.927804327466 0.22599999999999998 0.33849999999999997 0.43550000000000005
-4361.803849563428 0.22599999999999998 0.361 0.41300000000000003
-4350.285562083524 0.22599999999999998 0.3835 0.3905
-4335.813809940845 0.22599999999999998 0.40599999999999997 0.36800000000000005
-4312.883868120704 0.22599999999999998 0.4285 0.34550000000000003
-4291.065084268191 0.22599999999999998 0.45099999999999996 0.32300000000000006
-4266.1246644682515 0.22599999999999998 0.4735 0.30050000000000004
-4240.7548672811845 0.22599999999999998 0.496 0.278
-4211.824181059219 0.22599999999999998 0.5185 0.25550000000000006
-4180.490650712211 0.22599999999999998 0.541 0.23299999999999998
-4143.935400586258 0.22599999999999998 0.5635 0.21050000000000002
-4105.5130838455425 0.22599999999999998 0.586 0.18800000000000006
-4065.038190070803 0.22599999999999998 0.6084999999999999 0.1655000000000001
-4020.7086442035775 0.22599999999999998 0.631 0.14300000000000002
-3973.6937274283982 0.22599999999999998 0.6535 0.12050000000000005
-3924.3561084664743 0.22599999999999998 0.6759999999999999 0.09800000000000009
-3872.9300187693707 0.22599999999999998 0.6985 0.07550000000000001
-3820.816599305708 0.22599999999999998 0.721 0.05300000000000005
-3760.4099016733066 0.22599999999999998 0.7434999999999999 0.030500000000000083
-3677.4708045047028 0.22599999999999998 0.773 0.0010000000000000009
-4290.181689646815 0.2485 0.001 0.7505000000000001
-4315.573309940502 0.2485 0.0235 0.7280000000000001
-4338.966237761516 0.2485 0.046 0.7055
-4361.459054458728 0.2485 0.0685 0.683
-4383.6227994402125 0.2485 0.091 0.6605000000000001
-4404.230487248381 0.2485 0.11349999999999999 0.6380000000000001
-4425.296663025403 0.2485 0.136 0.6155
-4445.286284298787 0.2485 0.1585 0.5930000000000001
-4460.234925163706 0.2485 0.181 0.5705
-4471.467967802943 0.2485 0.2035 0.548
-4476.304202094876 0.2485 0.22599999999999998 0.5255000000000001
-4476.73795175122 0.2485 0.2485 0.5030000000000001
-4474.115602811098 0.2485 0.271 0.48050000000000004
-4470.365580575458 0.2485 0.2935 0.4580000000000001
-4463.344436813455 0.2485 0.316 0.43550000000000005
-4454.369793785076 0.2485 0.33849999999999997 0.4130000000000001
-4444.864985535718 0.2485 0.361 0.39050000000000007
-4431.455489482353 0.2485 0.3835 0.36800000000000005
-4415.261079275053 0.2485 0.40599999999999997 0.3455000000000001
-4391.7631807684165 0.2485 0.4285 0.32300000000000006
-4369.875968082388 0.2485 0.45099999999999996 0.3005000000000001
-4344.570430197379 0.2485 0.4735 0.2780000000000001
-4317.067232250985 0.2485 0.496 0.25550000000000006
-4288.121674807232 0.2485 0.5185 0.2330000000000001
-4254.870585960067 0.2485 0.541 0.21050000000000002
-4217.692022534054 0.2485 0.5635 0.18800000000000006
-4177.441440020223 0.2485 0.586 0.1655000000000001
-4135.895718571831 0.2485 0.6084999999999999 0.14300000000000013
-4091.5000488822297 0.2485 0.631 0.12050000000000005
-4042.544973443197 0.2485 0.6535 0.09800000000000009
-3992.550149413492 0.2485 0.6759999999999999 0.07550000000000012
-3942.655815327236 0.2485 0.6985 0.05300000000000005
-3889.489698293796 0.2485 0.721 0.030500000000000083
-3808.2005602922045 0.2485 0.751 0.000500000000000056
