-4455.394177212307 0.29839999999999994 0.05 0.6516
-4456.625756211547 0.29839999999999994 0.0707 0.6309
-4452.903010241724 0.29839999999999994 0.0914 0.6102
-4452.115932586534 0.29839999999999994 0.11209999999999999 0.5895
-4460.038361295698 0.29839999999999994 0.13279999999999997 0.5688
-4461.289914889943 0.29839999999999994 0.15349999999999997 0.5481
-4450.353868597962 0.29839999999999994 0.17419999999999997 0.5274000000000001
-4455.138931417835 0.29839999999999994 0.19489999999999996 0.5067
-4420.642743539684 0.29839999999999994 0.21559999999999996 0.48600000000000004
-4395.670877184662 0.29839999999999994 0.23629999999999995 0.46530000000000005
-4370.971146056913 0.29839999999999994 0.25699999999999995 0.44460000000000005
-4350.257007458547 0.29839999999999994 0.27769999999999995 0.42390000000000005
-4333.255285894438 0.29839999999999994 0.29839999999999994 0.40320000000000006
-4299.856615193512 0.29839999999999994 0.31909999999999994 0.38250000000000006
-4275.717515784372 0.29839999999999994 0.33979999999999994 0.36180000000000007
-4245.431048300759 0.29839999999999994 0.36049999999999993 0.34110000000000007
-4223.057991667864 0.29839999999999994 0.38119999999999993 0.3204000000000001
-4196.8575377745055 0.29839999999999994 0.4018999999999999 0.2997000000000001
-4179.2647821192995 0.29839999999999994 0.4225999999999999 0.2790000000000001
-4141.148165083992 0.29839999999999994 0.4432999999999999 0.2583000000000001
-4120.380491279064 0.29839999999999994 0.4639999999999999 0.2376000000000001
-4088.039958666667 0.29839999999999994 0.4846999999999999 0.2169000000000001
-4068.9684527774393 0.29839999999999994 0.5054 0.19620000000000004
-4030.7347850945152 0.29839999999999994 0.5260999999999999 0.1755000000000001
-4019.957392679621 0.29839999999999994 0.5468 0.15480000000000005
-3977.0974429245894 0.29839999999999994 0.5674999999999999 0.1341000000000001
-3957.6223044767576 0.29839999999999994 0.5882 0.11340000000000006
-3932.025031745242 0.29839999999999994 0.6089 0.0927
-3898.1540224216797 0.29839999999999994 0.6295999999999999 0.07200000000000006
-3868.3084513715944 0.29839999999999994 0.6502999999999999 0.05130000000000012
-3852.143478447882 0.29839999999999994 0.6709999999999999 0.03060000000000007
-4531.750554099219 0.31909999999999994 0.05 0.6309
-4531.781595686668 0.31909999999999994 0.0707 0.6102000000000001
-4529.125115973499 0.31909999999999994 0.0914 0.5895
-4523.725042656956 0.31909999999999994 0.11209999999999999 0.5688000000000001
-4529.627772583121 0.31909999999999994 0.13279999999999997 0.5481
-4527.941992890686 0.31909999999999994 0.15349999999999997 0.5274000000000001
-4524.274195388082 0.31909999999999994 0.17419999999999997 0.5067000000000002
-4519.665982076402 0.31909999999999994 0.19489999999999996 0.4860000000000001
-4494.5849535225625 0.31909999999999994 0.21559999999999996 0.4653000000000001
-4463.2425369738185 0.31909999999999994 0.23629999999999995 0.4446000000000001
-4443.901098430994 0.31909999999999994 0.25699999999999995 0.4239000000000001
-4416.891591541424 0.31909999999999994 0.27769999999999995 0.4032000000000001
-4393.173004049499 0.31909999999999994 0.29839999999999994 0.3825000000000001
-4370.605595280037 0.31909999999999994 0.31909999999999994 0.3618000000000001
-4340.956739213496 0.31909999999999994 0.33979999999999994 0.3411000000000001
-4320.411371851919 0.31909999999999994 0.36049999999999993 0.32040000000000013
-4294.667758599775 0.31909999999999994 0.38119999999999993 0.29970000000000013
-4268.494255873064 0.31909999999999994 0.4018999999999999 0.27900000000000014
-4240.1248735530535 0.31909999999999994 0.4225999999999999 0.25830000000000014
-4210.1912649459655 0.31909999999999994 0.4432999999999999 0.23760000000000014
-4182.089796857176 0.31909999999999994 0.4639999999999999 0.21690000000000015
-4168.352408627441 0.31909999999999994 0.4846999999999999 0.19620000000000015
-4136.276330800852 0.31909999999999994 0.5054 0.1755000000000001
-4110.305800322886 0.31909999999999994 0.5260999999999999 0.15480000000000016
-4076.292102062526 0.31909999999999994 0.5468 0.1341000000000001
-4048.412887684063 0.31909999999999994 0.5674999999999999 0.11340000000000017
-4021.4790870467355 0.31909999999999994 0.5882 0.09270000000000012
-4002.6829372448738 0.31909999999999994 0.6089 0.07200000000000006
-3968.1681879923917 0.31909999999999994 0.6295999999999999 0.05130000000000012
-3940.37328068417 0.31909999999999994 0.6502999999999999 0.030600000000000183
-4620.026221687785 0.33979999999999994 0.05 0.6102000000000001
-4620.080131675503 0.33979999999999994 0.0707 0.5895000000000001
-4628.600851897491 0.33979999999999994 0.0914 0.5688000000000001
-4621.472373393772 0.33979999999999994 0.11209999999999999 0.5481000000000001
-4619.123730587945 0.33979999999999994 0.13279999999999997 0.5274000000000001
-4617.920310762457 0.33979999999999994 0.15349999999999997 0.5067000000000002
-4615.647809123517 0.33979999999999994 0.17419999999999997 0.48600000000000015
-4601.999505791421 0.33979999999999994 0.19489999999999996 0.46530000000000016
-4578.485124122381 0.33979999999999994 0.21559999999999996 0.44460000000000016
-4549.74769035076 0.33979999999999994 0.23629999999999995 0.42390000000000017
-4527.209087523348 0.33979999999999994 0.25699999999999995 0.40320000000000017
-4500.783558724247 0.33979999999999994 0.27769999999999995 0.3825000000000002
-4474.926374114673 0.33979999999999994 0.29839999999999994 0.3618000000000002
-4447.50793768413 0.33979999999999994 0.31909999999999994 0.3411000000000002
-4429.262734191844 0.33979999999999994 0.33979999999999994 0.3204000000000002
-4401.3326742092095 0.33979999999999994 0.36049999999999993 0.2997000000000002
-4372.768741860092 0.33979999999999994 0.38119999999999993 0.2790000000000002
-4350.379751497142 0.33979999999999994 0.4018999999999999 0.2583000000000002
-4323.57361324145 0.33979999999999994 0.4225999999999999 0.2376000000000002
-4295.692486846975 0.33979999999999994 0.4432999999999999 0.2169000000000002
-4266.320137327937 0.33979999999999994 0.4639999999999999 0.1962000000000002
-4247.817093961666 0.33979999999999994 0.4846999999999999 0.1755000000000002
-4213.625192475921 0.33979999999999994 0.5054 0.15480000000000016
-4194.054405426472 0.33979999999999994 0.5260999999999999 0.13410000000000022
-4160.664485796637 0.33979999999999994 0.5468 0.11340000000000017
-4135.392508842757 0.33979999999999994 0.5674999999999999 0.09270000000000023
-4102.33821481119 0.33979999999999994 0.5882 0.07200000000000017
-4074.5243003910696 0.33979999999999994 0.6089 0.05130000000000012
-4044.7601816549313 0.33979999999999994 0.6295999999999999 0.030600000000000183
