-3975.9258635957126 0.271 0.001 0.728
-4236.442878144317 0.271 0.0235 0.7055
-4332.35893634746 0.271 0.046 0.6829999999999999
-4333.200669502304 0.271 0.0685 0.6605
-4335.045339211486 0.271 0.091 0.638
-4339.54091948392 0.271 0.11349999999999999 0.6154999999999999
-4341.207846292791 0.271 0.136 0.593
-4339.162615105484 0.271 0.1585 0.5705
-4333.694698370982 0.271 0.181 0.548
-4328.17743198204 0.271 0.2035 0.5255
-4302.523051975485 0.271 0.22599999999999998 0.503
-4278.2742439587655 0.271 0.2485 0.4805
-4250.574330216298 0.271 0.271 0.45799999999999996
-4225.041254101646 0.271 0.2935 0.4355
-4198.063202021806 0.271 0.316 0.413
-4171.852245778556 0.271 0.33849999999999997 0.3905
-4141.484871606224 0.271 0.361 0.368
-4115.57607171258 0.271 0.3835 0.3455
-4088.0555117234358 0.271 0.40599999999999997 0.323
-4057.5685280500534 0.271 0.4285 0.3005
-4030.4246129043236 0.271 0.45099999999999996 0.278
-3999.363727690333 0.271 0.4735 0.2555
-3974.253787241783 0.271 0.496 0.23299999999999998
-3940.9650520050523 0.271 0.5185 0.21050000000000002
-3917.4917533354296 0.271 0.541 0.18799999999999994
-3882.3387430245866 0.271 0.5635 0.16549999999999998
-3860.5676094756845 0.271 0.586 0.14300000000000002
-3824.8311762148624 0.271 0.6084999999999999 0.12050000000000005
-3793.741299440521 0.271 0.631 0.09799999999999998
-3763.4891710643246 0.271 0.6535 0.07550000000000001
-3732.4598392732173 0.271 0.6759999999999999 0.05300000000000005
-3695.092163268758 0.271 0.6985 0.03049999999999997
-3660.1498532059964 0.271 0.728 0.0010000000000000009
-4140.268649929912 0.2935 0.001 0.7055
-4337.299521131888 0.2935 0.0235 0.683
-4418.765386069943 0.2935 0.046 0.6605
-4423.954496854906 0.2935 0.0685 0.638
-4429.385599950661 0.2935 0.091 0.6155
-4424.450687378459 0.2935 0.11349999999999999 0.593
-4428.031933061664 0.2935 0.136 0.5705
-4416.789586471466 0.2935 0.1585 0.548
-4419.368458139764 0.2935 0.181 0.5255000000000001
-4411.9644995421795 0.2935 0.2035 0.503
-4385.914688639834 0.2935 0.22599999999999998 0.48050000000000004
-4357.183475056611 0.2935 0.2485 0.458
-4332.966183947544 0.2935 0.271 0.4355
-4308.739067804094 0.2935 0.2935 0.41300000000000003
-4278.498693327286 0.2935 0.316 0.3905
-4248.666974560471 0.2935 0.33849999999999997 0.36800000000000005
-4226.502895097778 0.2935 0.361 0.34550000000000003
-4201.26185593495 0.2935 0.3835 0.323
-4169.6868600190555 0.2935 0.40599999999999997 0.30050000000000004
-4141.657755965362 0.2935 0.4285 0.278
-4107.469225142317 0.2935 0.45099999999999996 0.25550000000000006
-4081.499249633322 0.2935 0.4735 0.23300000000000004
-4049.8561509484653 0.2935 0.496 0.21050000000000002
-4034.9250028806764 0.2935 0.5185 0.18800000000000006
-3993.0863381233003 0.2935 0.541 0.16549999999999998
-3960.6129011923344 0.2935 0.5635 0.14300000000000002
-3930.3732422564044 0.2935 0.586 0.12050000000000005
-3908.5105991170853 0.2935 0.6084999999999999 0.09800000000000009
-3876.0584553238723 0.2935 0.631 0.07550000000000001
-3836.6974382886538 0.2935 0.6535 0.05300000000000005
-3812.523059686787 0.2935 0.6759999999999999 0.030500000000000083
-3774.588663978423 0.2935 0.706 0.000500000000000056
-4286.317975392304 0.316 0.001 0.6829999999999999
-4517.258378440123 0.316 0.0235 0.6605
-4521.977770667462 0.316 0.046 0.6379999999999999
-4524.314318575519 0.316 0.0685 0.6154999999999999
-4522.454538602418 0.316 0.091 0.593
-4524.6675944066155 0.316 0.11349999999999999 0.5705
-4514.907077261505 0.316 0.136 0.5479999999999999
-4516.075622546666 0.316 0.1585 0.5255
-4513.223738663024 0.316 0.181 0.5029999999999999
-4496.720273208126 0.316 0.2035 0.4804999999999999
-4475.771241242136 0.316 0.22599999999999998 0.45799999999999996
-4446.609597531942 0.316 0.2485 0.43549999999999994
-4414.947084915345 0.316 0.271 0.4129999999999999
-4385.776638840449 0.316 0.2935 0.39049999999999996
-4370.941900092986 0.316 0.316 0.36799999999999994
-4335.128942590471 0.316 0.33849999999999997 0.3455
-4311.029166050556 0.316 0.361 0.32299999999999995
-4285.506079010502 0.316 0.3835 0.30049999999999993
-4254.041697489888 0.316 0.40599999999999997 0.27799999999999997
-4221.728504110205 0.316 0.4285 0.25549999999999995
-4195.762661580601 0.316 0.45099999999999996 0.23299999999999998
-4168.743528685521 0.316 0.4735 0.21049999999999996
-4135.507773945645 0.316 0.496 0.18799999999999994
-4106.939559245408 0.316 0.5185 0.16549999999999998
-4078.5315497169004 0.316 0.541 0.1429999999999999
-4047.555444773993 0.316 0.5635 0.12049999999999994
-4018.846605346276 0.316 0.586 0.09799999999999998
-3988.4665115857024 0.316 0.6084999999999999 0.07550000000000001
-3961.492589074122 0.316 0.631 0.052999999999999936
-3925.8135502843948 0.316 0.6535 0.03049999999999997
-3885.808364663683 0.316 0.683 0.0009999999999998899
