-3783.7216180966957 0.136 0.001 0.863
-3770.4825408891625 0.136 0.0235 0.8405
-3758.3912237953296 0.136 0.046 0.818
-3745.787451429119 0.136 0.0685 0.7955
-3731.4164295321307 0.136 0.091 0.773
-3721.94842409287 0.136 0.11349999999999999 0.7505
-3703.226071405531 0.136 0.136 0.728
-3686.460006802516 0.136 0.1585 0.7055
-3670.831551955782 0.136 0.181 0.683
-3654.7118128845873 0.136 0.2035 0.6605
-3637.698049806243 0.136 0.22599999999999998 0.638
-3618.7649145156356 0.136 0.2485 0.6154999999999999
-3603.451372239666 0.136 0.271 0.593
-3586.6899181091735 0.136 0.2935 0.5705
-3566.1496056951614 0.136 0.316 0.548
-3550.4014160053016 0.136 0.33849999999999997 0.5255000000000001
-3535.4333259838404 0.136 0.361 0.503
-3513.685931205266 0.136 0.3835 0.4805
-3491.8461055084317 0.136 0.40599999999999997 0.458
-3475.8115980909743 0.136 0.4285 0.4355
-3455.0961293717883 0.136 0.45099999999999996 0.41300000000000003
-3434.1719649443016 0.136 0.4735 0.3905
-3411.962381241897 0.136 0.496 0.368
-3391.1140532410386 0.136 0.5185 0.34550000000000003
-3369.3258327656026 0.136 0.541 0.32299999999999995
-3348.071883094196 0.136 0.5635 0.3005
-3326.7824038115095 0.136 0.586 0.278
-3305.3505150337865 0.136 0.6084999999999999 0.25550000000000006
-3285.8866225525626 0.136 0.631 0.23299999999999998
-3262.5193875818836 0.136 0.6535 0.21050000000000002
-3238.2495960134465 0.136 0.6759999999999999 0.18800000000000006
-3213.5268597436557 0.136 0.6985 0.16549999999999998
-3189.334352599834 0.136 0.721 0.14300000000000002
-3163.0807865547004 0.136 0.7434999999999999 0.12050000000000005
-3138.3279923075524 0.136 0.766 0.09799999999999998
-3113.3373870134546 0.136 0.7885 0.07550000000000001
-3088.2661483601223 0.136 0.8109999999999999 0.05300000000000005
-3063.927874987754 0.136 0.8335 0.03049999999999997
-3032.9259579251934 0.136 0.863 0.0010000000000000009
-3879.410449520575 0.1585 0.001 0.8405
-3866.643819640598 0.1585 0.0235 0.8180000000000001
-3854.3240801952315 0.1585 0.046 0.7955
-3841.4467970183546 0.1585 0.0685 0.773
-3830.5005716082806 0.1585 0.091 0.7505000000000001
-3812.4669774385766 0.1585 0.11349999999999999 0.728
-3797.0800338105705 0.1585 0.136 0.7055
-3782.6811276234894 0.1585 0.1585 0.683
-3763.5427578881217 0.1585 0.181 0.6605000000000001
-3746.4205276080024 0.1585 0.2035 0.638
-3730.8833745860525 0.1585 0.22599999999999998 0.6155
-3712.9752252869357 0.1585 0.2485 0.593
-3696.6554374663233 0.1585 0.271 0.5705
-3679.268519913734 0.1585 0.2935 0.548
-3662.320754330049 0.1585 0.316 0.5255000000000001
-3643.479054342018 0.1585 0.33849999999999997 0.5030000000000001
-3624.078789181957 0.1585 0.361 0.48050000000000004
-3602.6663451333375 0.1585 0.3835 0.458
-3587.4491131510017 0.1585 0.40599999999999997 0.43550000000000005
-3568.3317744484016 0.1585 0.4285 0.41300000000000003
-3547.284920785849 0.1585 0.45099999999999996 0.39050000000000007
-3525.0535642918367 0.1585 0.4735 0.36800000000000005
-3503.7199939511215 0.1585 0.496 0.34550000000000003
-3482.861814302701 0.1585 0.5185 0.32300000000000006
-3461.180836340369 0.1585 0.541 0.3005
-3439.626155380183 0.1585 0.5635 0.278
-3417.9890880978583 0.1585 0.586 0.25550000000000006
-3394.517797245836 0.1585 0.6084999999999999 0.2330000000000001
-3376.7404537553884 0.1585 0.631 0.21050000000000002
-3352.5563682206994 0.1585 0.6535 0.18800000000000006
-3328.6978603730527 0.1585 0.6759999999999999 0.1655000000000001
-3303.941887540053 0.1585 0.6985 0.14300000000000002
-3278.117067530978 0.1585 0.721 0.12050000000000005
-3254.055961497751 0.1585 0.7434999999999999 0.09800000000000009
-3228.5529284790646 0.1585 0.766 0.07550000000000001
-3203.319887567154 0.1585 0.7885 0.05300000000000005
-3178.5661448325995 0.1585 0.8109999999999999 0.030500000000000083
-3147.3045922696115 0.1585 0.841 0.000500000000000056
-3975.2235003252936 0.181 0.001 0.818
-3962.3641279081485 0.181 0.0235 0.7955
-3949.8002424782585 0.181 0.046 0.7729999999999999
-3939.023985411723 0.181 0.0685 0.7505
-3921.6072199570954 0.181 0.091 0.728
-3905.9949370709805 0.181 0.11349999999999999 0.7055
-3891.8821428968 0.181 0.136 0.6829999999999999
-3875.5142441823373 0.181 0.1585 0.6605
-3857.5765116185053 0.181 0.181 0.6379999999999999
-3841.158916116726 0.181 0.2035 0.6154999999999999
-3823.3978420121684 0.181 0.22599999999999998 0.593
-3806.938286363997 0.181 0.2485 0.5705
-3789.4358766336477 0.181 0.271 0.5479999999999999
-3771.708076076156 0.181 0.2935 0.5255
-3750.2373701167394 0.181 0.316 0.5029999999999999
-3734.352847536564 0.181 0.33849999999999997 0.4805
-3719.4688852406575 0.181 0.361 0.45799999999999996
-3700.6828956620725 0.181 0.3835 0.43549999999999994
-3680.5303130802854 0.181 0.40599999999999997 0.413
-3658.2767149613164 0.181 0.4285 0.39049999999999996
-3638.4364747652116 0.181 0.45099999999999996 0.368
-3617.556389249554 0.181 0.4735 0.3455
-3595.6482747588025 0.181 0.496 0.32299999999999995
-3574.027330799038 0.181 0.5185 0.3005
-3552.675297954639 0.181 0.541 0.2779999999999999
-3532.1538810263255 0.181 0.5635 0.25549999999999995
-3511.621939396704 0.181 0.586 0.23299999999999998
-3487.626853654331 0.181 0.6084999999999999 0.21050000000000002
-3465.5318238273617 0.181 0.631 0.18799999999999994
-3442.4334086199774 0.181 0.6535 0.16549999999999998
-3418.1202897976605 0.181 0.6759999999999999 0.14300000000000002
-3393.264497688686 0.181 0.6985 0.12049999999999994
-3367.605109728764 0.181 0.721 0.09799999999999998
-3343.001463544355 0.181 0.7434999999999999 0.07550000000000001
-3316.8203775374122 0.181 0.766 0.052999999999999936
-3292.371988099036 0.181 0.7885 0.03049999999999997
-3261.578544681435 0.181 0.8180000000000001 0.0009999999999998899
