-4069.6335006765435 0.2035 0.001 0.7955
-4058.1707640762525 0.2035 0.0235 0.773
-4043.7396986518274 0.2035 0.046 0.7505
-4030.5690578452322 0.2035 0.0685 0.728
-4017.2255563102635 0.2035 0.091 0.7055
-3999.7382679194907 0.2035 0.11349999999999999 0.683
-3981.356171014706 0.2035 0.136 0.6605
-3968.2523879406967 0.2035 0.1585 0.638
-3951.377742360578 0.2035 0.181 0.6154999999999999
-3933.8865657348138 0.2035 0.2035 0.593
-3916.390275987846 0.2035 0.22599999999999998 0.5705
-3897.193301370747 0.2035 0.2485 0.548
-3881.968616861363 0.2035 0.271 0.5255
-3862.683228862298 0.2035 0.2935 0.503
-3848.357692415079 0.2035 0.316 0.4805
-3830.6395904711226 0.2035 0.33849999999999997 0.458
-3813.054174400307 0.2035 0.361 0.4355
-3791.7398217835103 0.2035 0.3835 0.413
-3769.9150320886306 0.2035 0.40599999999999997 0.3905
-3750.448265276465 0.2035 0.4285 0.368
-3728.9614738433174 0.2035 0.45099999999999996 0.34550000000000003
-3707.8354913043913 0.2035 0.4735 0.323
-3687.8347446173243 0.2035 0.496 0.3005
-3667.5687516221233 0.2035 0.5185 0.278
-3645.559473055565 0.2035 0.541 0.25549999999999995
-3624.7894280326673 0.2035 0.5635 0.23299999999999998
-3604.5252390197993 0.2035 0.586 0.21050000000000002
-3580.8986680132016 0.2035 0.6084999999999999 0.18800000000000006
-3558.1903915468292 0.2035 0.631 0.16549999999999998
-3532.4022602913833 0.2035 0.6535 0.14300000000000002
-3508.2004858844903 0.2035 0.6759999999999999 0.12050000000000005
-3482.4467364618204 0.2035 0.6985 0.09799999999999998
-3458.245882498883 0.2035 0.721 0.07550000000000001
-3432.1783733713887 0.2035 0.7434999999999999 0.05300000000000005
-3408.5944782031324 0.2035 0.766 0.03049999999999997
-3376.2540946925587 0.2035 0.796 0.0004999999999999449
-4167.190724977824 0.22599999999999998 0.001 0.773
-4155.59529512734 0.22599999999999998 0.0235 0.7505000000000001
-4137.691709327641 0.22599999999999998 0.046 0.728
-4123.482424482852 0.22599999999999998 0.0685 0.7055
-4108.909262563189 0.22599999999999998 0.091 0.683
-4093.3357758020934 0.22599999999999998 0.11349999999999999 0.6605000000000001
-4078.9405772661835 0.22599999999999998 0.136 0.638
-4061.4618709705155 0.22599999999999998 0.1585 0.6155
-4044.406343400989 0.22599999999999998 0.181 0.593
-4027.424117824567 0.22599999999999998 0.2035 0.5705
-4010.085517976223 0.22599999999999998 0.22599999999999998 0.548
-3990.9590687307095 0.22599999999999998 0.2485 0.5255000000000001
-3973.727607384124 0.22599999999999998 0.271 0.503
-3959.4029768626656 0.22599999999999998 0.2935 0.48050000000000004
-3942.7991671636537 0.22599999999999998 0.316 0.458
-3924.9221324041864 0.22599999999999998 0.33849999999999997 0.43550000000000005
-3905.483744211016 0.22599999999999998 0.361 0.41300000000000003
-3884.634787985732 0.22599999999999998 0.3835 0.3905
-3864.6445781188227 0.22599999999999998 0.40599999999999997 0.36800000000000005
-3843.161932232554 0.22599999999999998 0.4285 0.34550000000000003
-3822.3575067741194 0.22599999999999998 0.45099999999999996 0.32300000000000006
-3802.109918046016 0.22599999999999998 0.4735 0.30050000000000004
-3781.282704048226 0.22599999999999998 0.496 0.278
-3759.8657728608814 0.22599999999999998 0.5185 0.25550000000000006
-3738.7019684659376 0.22599999999999998 0.541 0.23299999999999998
-3717.1345153794255 0.22599999999999998 0.5635 0.21050000000000002
-3693.389840668618 0.22599999999999998 0.586 0.18800000000000006
-3670.1563242019297 0.22599999999999998 0.6084999999999999 0.1655000000000001
-3645.1240249078905 0.22599999999999998 0.631 0.14300000000000002
-3621.8790896444066 0.22599999999999998 0.6535 0.12050000000000005
-3597.316672362788 0.22599999999999998 0.6759999999999999 0.09800000000000009
-3571.483315127229 0.22599999999999998 0.6985 0.07550000000000001
-3546.0747811885385 0.22599999999999998 0.721 0.05300000000000005
-3521.281732883619 0.22599999999999998 0.7434999999999999 0.030500000000000083
-3490.1937031144503 0.22599999999999998 0.773 0.0010000000000000009
-4261.059369415071 0.2485 0.001 0.7505000000000001
-4245.741321713573 0.2485 0.0235 0.7280000000000001
-4231.981427141134 0.2485 0.046 0.7055
-4219.373340499111 0.2485 0.0685 0.683
-4204.68993904902 0.2485 0.091 0.6605000000000001
-4189.2139091099925 0.2485 0.11349999999999999 0.6380000000000001
-4172.249180039914 0.2485 0.136 0.6155
-4154.929081413665 0.2485 0.1585 0.5930000000000001
-4141.9297693592425 0.2485 0.181 0.5705
-4120.411686408524 0.2485 0.2035 0.548
-4101.8752555159535 0.2485 0.22599999999999998 0.5255000000000001
-4089.435974267509 0.2485 0.2485 0.5030000000000001
-4071.91806456976 0.2485 0.271 0.48050000000000004
-4054.2620530300733 0.2485 0.2935 0.4580000000000001
-4035.3546903019587 0.2485 0.316 0.43550000000000005
-4017.7661772118586 0.2485 0.33849999999999997 0.4130000000000001
-3996.8491289430317 0.2485 0.361 0.39050000000000007
-3976.6594970711176 0.2485 0.3835 0.36800000000000005
-3957.8706007857054 0.2485 0.40599999999999997 0.3455000000000001
-3937.1422833810193 0.2485 0.4285 0.32300000000000006
-3916.4811517134335 0.2485 0.45099999999999996 0.3005000000000001
-3895.096611392217 0.2485 0.4735 0.2780000000000001
-3873.8038175143597 0.2485 0.496 0.25550000000000006
-3851.8867183582333 0.2485 0.5185 0.2330000000000001
-3831.3669430503724 0.2485 0.541 0.21050000000000002
-3810.4530667969716 0.2485 0.5635 0.18800000000000006
-3785.361931776703 0.2485 0.586 0.1655000000000001
-3761.4029456707844 0.2485 0.6084999999999999 0.14300000000000013
-3736.246067850698 0.2485 0.631 0.12050000000000005
-3712.164808332672 0.2485 0.6535 0.09800000000000009
-3686.769834651282 0.2485 0.6759999999999999 0.07550000000000012
-3661.9585532560022 0.2485 0.6985 0.05300000000000005
-3636.0247881406704 0.2485 0.721 0.030500000000000083
-3605.214811120051 0.2485 0.751 0.000500000000000056
