-6264.564353760691 0.7330999999999999 0.05 0.21690000000000015
-6252.223580046328 0.7330999999999999 0.0707 0.19620000000000015
-6235.137940499139 0.7330999999999999 0.0914 0.17550000000000016
-6220.212830263836 0.7330999999999999 0.11209999999999999 0.15480000000000016
-6202.758960063255 0.7330999999999999 0.13279999999999997 0.13410000000000016
-6184.519318710156 0.7330999999999999 0.15349999999999997 0.11340000000000017
-6167.807856945112 0.7330999999999999 0.17419999999999997 0.09270000000000017
-6145.101780130956 0.7330999999999999 0.19489999999999996 0.07200000000000017
-6123.27609899996 0.7330999999999999 0.21559999999999996 0.05130000000000018
-6099.884385019009 0.7330999999999999 0.23629999999999995 0.030600000000000183
-6353.150837866138 0.7537999999999999 0.05 0.1962000000000001
-6338.7128660116905 0.7537999999999999 0.0707 0.1755000000000001
-6321.7033330483255 0.7537999999999999 0.0914 0.1548000000000001
-6307.602972412805 0.7537999999999999 0.11209999999999999 0.1341000000000001
-6288.288355585736 0.7537999999999999 0.13279999999999997 0.11340000000000011
-6270.484430637231 0.7537999999999999 0.15349999999999997 0.09270000000000012
-6250.088229158218 0.7537999999999999 0.17419999999999997 0.07200000000000012
-6227.700917398347 0.7537999999999999 0.19489999999999996 0.05130000000000012
-6207.050638272183 0.7537999999999999 0.21559999999999996 0.030600000000000127
-6439.909088442839 0.7745 0.05 0.17550000000000004
-6425.371641338445 0.7745 0.0707 0.15480000000000005
-6409.489793006782 0.7745 0.0914 0.13410000000000005
-6392.876951229471 0.7745 0.11209999999999999 0.11340000000000004
-6374.008415551463 0.7745 0.13279999999999997 0.09270000000000006
-6354.080814161311 0.7745 0.15349999999999997 0.07200000000000006
-6333.502980966452 0.7745 0.17419999999999997 0.05130000000000007
-6310.800375902138 0.7745 0.19489999999999996 0.03060000000000007
