-4196.1653658881805 0.23629999999999995 0.05 0.7137
-4202.466077433433 0.23629999999999995 0.0707 0.6930000000000001
-4203.121175296196 0.23629999999999995 0.0914 0.6723
-4208.985063619932 0.23629999999999995 0.11209999999999999 0.6516000000000001
-4208.856527408522 0.23629999999999995 0.13279999999999997 0.6309
-4211.6865248511585 0.23629999999999995 0.15349999999999997 0.6102000000000001
-4209.98763434537 0.23629999999999995 0.17419999999999997 0.5895000000000001
-4208.5815901388005 0.23629999999999995 0.19489999999999996 0.5688000000000001
-4198.036195315448 0.23629999999999995 0.21559999999999996 0.5481
-4171.0789712173655 0.23629999999999995 0.23629999999999995 0.5274000000000001
-4143.016406437875 0.23629999999999995 0.25699999999999995 0.5067000000000002
-4127.833094485761 0.23629999999999995 0.27769999999999995 0.4860000000000001
-4097.054423083932 0.23629999999999995 0.29839999999999994 0.4653000000000001
-4053.7061257946166 0.23629999999999995 0.31909999999999994 0.4446000000000001
-4047.36965545518 0.23629999999999995 0.33979999999999994 0.4239000000000001
-4022.3372665640227 0.23629999999999995 0.36049999999999993 0.4032000000000001
-3991.8632942484137 0.23629999999999995 0.38119999999999993 0.3825000000000001
-3971.9407714964823 0.23629999999999995 0.4018999999999999 0.3618000000000001
-3942.371359168436 0.23629999999999995 0.4225999999999999 0.3411000000000001
-3916.0252413484595 0.23629999999999995 0.4432999999999999 0.32040000000000013
-3897.0918338295323 0.23629999999999995 0.4639999999999999 0.29970000000000013
-3864.0811960831697 0.23629999999999995 0.4846999999999999 0.27900000000000014
-3834.740431045564 0.23629999999999995 0.5054 0.2583000000000001
-3806.6007903365485 0.23629999999999995 0.5260999999999999 0.23760000000000014
-3785.313412808863 0.23629999999999995 0.5468 0.2169000000000001
-3759.5268240920377 0.23629999999999995 0.5674999999999999 0.19620000000000015
-3729.8805269101504 0.23629999999999995 0.5882 0.1755000000000001
-3702.1107251746275 0.23629999999999995 0.6089 0.15480000000000005
-3672.165400799929 0.23629999999999995 0.6295999999999999 0.1341000000000001
-3643.1917071705648 0.23629999999999995 0.6502999999999999 0.11340000000000017
-3622.326046823184 0.23629999999999995 0.6709999999999999 0.09270000000000012
-3590.9891098733256 0.23629999999999995 0.6917 0.07200000000000006
-3565.8734456315574 0.23629999999999995 0.7123999999999999 0.05130000000000012
-3537.2214746106524 0.23629999999999995 0.7330999999999999 0.030600000000000183
-4229.448429120556 0.25699999999999995 0.05 0.6930000000000001
-4277.248426602708 0.25699999999999995 0.0707 0.6723000000000001
-4277.473889110013 0.25699999999999995 0.0914 0.6516000000000001
-4281.895445567455 0.25699999999999995 0.11209999999999999 0.6309000000000001
-4283.985095966925 0.25699999999999995 0.13279999999999997 0.6102000000000001
-4268.680012963146 0.25699999999999995 0.15349999999999997 0.5895000000000001
-4279.190376198802 0.25699999999999995 0.17419999999999997 0.5688000000000002
-4274.05049995614 0.25699999999999995 0.19489999999999996 0.5481000000000001
-4262.649137302173 0.25699999999999995 0.21559999999999996 0.5274000000000001
-4241.870166331944 0.25699999999999995 0.23629999999999995 0.5067000000000002
-4212.320884387785 0.25699999999999995 0.25699999999999995 0.48600000000000015
-4192.098789787027 0.25699999999999995 0.27769999999999995 0.46530000000000016
-4164.938352400835 0.25699999999999995 0.29839999999999994 0.44460000000000016
-4144.580686883551 0.25699999999999995 0.31909999999999994 0.42390000000000017
-4113.971851180628 0.25699999999999995 0.33979999999999994 0.40320000000000017
-4092.8378681975096 0.25699999999999995 0.36049999999999993 0.3825000000000002
-4068.401184541174 0.25699999999999995 0.38119999999999993 0.3618000000000002
-4036.7660329704895 0.25699999999999995 0.4018999999999999 0.3411000000000002
-4012.5162934237437 0.25699999999999995 0.4225999999999999 0.3204000000000002
-3985.3471982132946 0.25699999999999995 0.4432999999999999 0.2997000000000002
-3962.2547683146845 0.25699999999999995 0.4639999999999999 0.2790000000000002
-3934.3873357768716 0.25699999999999995 0.4846999999999999 0.2583000000000002
-3907.1628829891447 0.25699999999999995 0.5054 0.23760000000000014
-3883.8388221206505 0.25699999999999995 0.5260999999999999 0.2169000000000002
-3854.9786913394723 0.25699999999999995 0.5468 0.19620000000000015
-3821.2845067630196 0.25699999999999995 0.5674999999999999 0.1755000000000002
-3795.997222970652 0.25699999999999995 0.5882 0.15480000000000016
-3767.356908058436 0.25699999999999995 0.6089 0.1341000000000001
-3741.9615713056037 0.25699999999999995 0.6295999999999999 0.11340000000000017
-3715.3275962456682 0.25699999999999995 0.6502999999999999 0.09270000000000023
-3684.507537696219 0.25699999999999995 0.6709999999999999 0.07200000000000017
-3659.8419088090645 0.25699999999999995 0.6917 0.05130000000000012
-3622.1481254809596 0.25699999999999995 0.7123999999999999 0.030600000000000183
-4364.225901469563 0.27769999999999995 0.05 0.6723
-4369.227066831403 0.27769999999999995 0.0707 0.6516000000000001
-4367.727066603128 0.27769999999999995 0.0914 0.6309
-4372.6344891851095 0.27769999999999995 0.11209999999999999 0.6102000000000001
-4365.183683767119 0.27769999999999995 0.13279999999999997 0.5895000000000001
-4364.91406518474 0.27769999999999995 0.15349999999999997 0.5688000000000001
-4373.1733445525515 0.27769999999999995 0.17419999999999997 0.5481
-4360.832800133734 0.27769999999999995 0.19489999999999996 0.5274000000000001
-4343.37155206226 0.27769999999999995 0.21559999999999996 0.5067000000000002
