-5210.318137090058 0.4735 0.001 0.5255
-5196.752610197026 0.4735 0.0235 0.503
-5183.271753622806 0.4735 0.046 0.4805
-5166.371930687866 0.4735 0.0685 0.45799999999999996
-5152.398209152576 0.4735 0.091 0.4355
-5132.226198606539 0.4735 0.11349999999999999 0.413
-5116.503003339687 0.4735 0.136 0.39049999999999996
-5099.509959545238 0.4735 0.1585 0.368
-5082.033994698285 0.4735 0.181 0.3455
-5064.624938859302 0.4735 0.2035 0.32299999999999995
-5047.10148615784 0.4735 0.22599999999999998 0.3005
-5029.032979663161 0.4735 0.2485 0.27799999999999997
-5008.67633578066 0.4735 0.271 0.25549999999999995
-4988.732786134455 0.4735 0.2935 0.23299999999999998
-4967.102561874222 0.4735 0.316 0.21049999999999996
-4945.881555866711 0.4735 0.33849999999999997 0.188
-4924.330733315471 0.4735 0.361 0.16549999999999998
-4903.602691647535 0.4735 0.3835 0.14299999999999996
-4880.2928562524 0.4735 0.40599999999999997 0.1205
-4856.162980774019 0.4735 0.4285 0.09799999999999998
-4831.658336030135 0.4735 0.45099999999999996 0.07550000000000001
-4806.672883141199 0.4735 0.4735 0.05299999999999999
-4781.77742633508 0.4735 0.496 0.03049999999999997
-4749.086630365097 0.4735 0.526 0.0004999999999999449
-5305.086410393756 0.496 0.001 0.503
-5292.105348462248 0.496 0.0235 0.4805
-5274.174904666476 0.496 0.046 0.458
-5260.8015029559865 0.496 0.0685 0.4355
-5244.484480246017 0.496 0.091 0.41300000000000003
-5227.561430944988 0.496 0.11349999999999999 0.3905
-5210.901431946604 0.496 0.136 0.368
-5194.182927455305 0.496 0.1585 0.34550000000000003
-5176.3277061865165 0.496 0.181 0.323
-5158.4489407361425 0.496 0.2035 0.3005
-5141.022780593492 0.496 0.22599999999999998 0.278
-5120.778394493472 0.496 0.2485 0.2555
-5101.837137276516 0.496 0.271 0.23299999999999998
-5080.930270786698 0.496 0.2935 0.21050000000000002
-5059.489606457775 0.496 0.316 0.188
-5037.854847799692 0.496 0.33849999999999997 0.16550000000000004
-5017.248691626771 0.496 0.361 0.14300000000000002
-4994.295470980079 0.496 0.3835 0.1205
-4970.655979667054 0.496 0.40599999999999997 0.09800000000000003
-4947.214129268192 0.496 0.4285 0.07550000000000001
-4921.661862323341 0.496 0.45099999999999996 0.05300000000000005
-4896.738609151383 0.496 0.4735 0.030500000000000027
-4864.594847781105 0.496 0.503 0.0010000000000000009
-5400.605428443622 0.5185 0.001 0.48050000000000004
-5386.8040643696095 0.5185 0.0235 0.458
-5369.384699800104 0.5185 0.046 0.43550000000000005
-5355.1115868855695 0.5185 0.0685 0.41300000000000003
-5337.112927702951 0.5185 0.091 0.39050000000000007
-5321.713811152946 0.5185 0.11349999999999999 0.36800000000000005
-5304.455425561777 0.5185 0.136 0.34550000000000003
-5287.122409783389 0.5185 0.1585 0.32300000000000006
-5270.322347554102 0.5185 0.181 0.30050000000000004
-5253.042006049604 0.5185 0.2035 0.278
-5234.870836024787 0.5185 0.22599999999999998 0.25550000000000006
-5214.364681142166 0.5185 0.2485 0.23300000000000004
-5193.582829505995 0.5185 0.271 0.21050000000000002
-5172.793819271513 0.5185 0.2935 0.18800000000000006
-5151.474917058442 0.5185 0.316 0.16550000000000004
-5130.203657119134 0.5185 0.33849999999999997 0.14300000000000007
-5108.7261457488385 0.5185 0.361 0.12050000000000005
-5084.719254329082 0.5185 0.3835 0.09800000000000003
-5060.711398662768 0.5185 0.40599999999999997 0.07550000000000007
-5035.768571382774 0.5185 0.4285 0.05300000000000005
-5010.623658210499 0.5185 0.45099999999999996 0.030500000000000083
-4978.047576498767 0.5185 0.481 0.000500000000000056
