-3953.0243401656567 0.2035 0.001 0.7955
-4010.771049164922 0.2035 0.0235 0.773
-4052.3162762578177 0.2035 0.046 0.7505
-4060.031325956861 0.2035 0.0685 0.728
-4067.79686840759 0.2035 0.091 0.7055
-4065.036427659995 0.2035 0.11349999999999999 0.683
-4066.885455617336 0.2035 0.136 0.6605
-4066.5990767053763 0.2035 0.1585 0.638
-4068.128640329161 0.2035 0.181 0.6154999999999999
-4072.553723899558 0.2035 0.2035 0.593
-4052.9171962115906 0.2035 0.22599999999999998 0.5705
-4032.5755044040957 0.2035 0.2485 0.548
-4002.551903770634 0.2035 0.271 0.5255
-3980.841673513538 0.2035 0.2935 0.503
-3956.5037696912236 0.2035 0.316 0.4805
-3925.443662961084 0.2035 0.33849999999999997 0.458
-3898.6706868322567 0.2035 0.361 0.4355
-3870.2271073328134 0.2035 0.3835 0.413
-3844.5960035109697 0.2035 0.40599999999999997 0.3905
-3814.334555220142 0.2035 0.4285 0.368
-3780.285313134174 0.2035 0.45099999999999996 0.34550000000000003
-3754.4521859623965 0.2035 0.4735 0.323
-3727.385113275245 0.2035 0.496 0.3005
-3695.17299151181 0.2035 0.5185 0.278
-3667.317303971683 0.2035 0.541 0.25549999999999995
-3639.451663237683 0.2035 0.5635 0.23299999999999998
-3612.707045825846 0.2035 0.586 0.21050000000000002
-3574.9626580625936 0.2035 0.6084999999999999 0.18800000000000006
-3549.3155924467146 0.2035 0.631 0.16549999999999998
-3523.840626080668 0.2035 0.6535 0.14300000000000002
-3494.576330071528 0.2035 0.6759999999999999 0.12050000000000005
-3461.461113329843 0.2035 0.6985 0.09799999999999998
-3429.3871581439503 0.2035 0.721 0.07550000000000001
-3397.362163204235 0.2035 0.7434999999999999 0.05300000000000005
-3370.655704000589 0.2035 0.766 0.03049999999999997
-3327.2539881187904 0.2035 0.796 0.0004999999999999449
-4055.4457915779994 0.22599999999999998 0.001 0.773
-4074.6808478484563 0.22599999999999998 0.0235 0.7505000000000001
-4120.219729829383 0.22599999999999998 0.046 0.728
-4159.633657525752 0.22599999999999998 0.0685 0.7055
-4169.24055487623 0.22599999999999998 0.091 0.683
-4162.913082273119 0.22599999999999998 0.11349999999999999 0.6605000000000001
-4169.094162084104 0.22599999999999998 0.136 0.638
-4166.901779919556 0.22599999999999998 0.1585 0.6155
-4163.756988058051 0.22599999999999998 0.181 0.593
-4160.374090480964 0.22599999999999998 0.2035 0.5705
-4145.501257438919 0.22599999999999998 0.22599999999999998 0.548
-4115.889121202234 0.22599999999999998 0.2485 0.5255000000000001
-4094.8290979828066 0.22599999999999998 0.271 0.503
-4064.115851212133 0.22599999999999998 0.2935 0.48050000000000004
-4037.1148282351755 0.22599999999999998 0.316 0.458
-4010.1950263959047 0.22599999999999998 0.33849999999999997 0.43550000000000005
-3982.829724077826 0.22599999999999998 0.361 0.41300000000000003
-3941.113979662138 0.22599999999999998 0.3835 0.3905
-3923.626430957319 0.22599999999999998 0.40599999999999997 0.36800000000000005
-3893.004435499424 0.22599999999999998 0.4285 0.34550000000000003
-3869.488044832095 0.22599999999999998 0.45099999999999996 0.32300000000000006
-3844.6586041027663 0.22599999999999998 0.4735 0.30050000000000004
-3810.7163539184594 0.22599999999999998 0.496 0.278
-3785.7900071923114 0.22599999999999998 0.5185 0.25550000000000006
-3755.2907721071165 0.22599999999999998 0.541 0.23299999999999998
-3725.0409763051707 0.22599999999999998 0.5635 0.21050000000000002
-3694.2195868613703 0.22599999999999998 0.586 0.18800000000000006
-3667.5602778638035 0.22599999999999998 0.6084999999999999 0.1655000000000001
-3638.9431425115768 0.22599999999999998 0.631 0.14300000000000002
-3608.0812659052526 0.22599999999999998 0.6535 0.12050000000000005
-3565.1398562587624 0.22599999999999998 0.6759999999999999 0.09800000000000009
-3542.78977082141 0.22599999999999998 0.6985 0.07550000000000001
-3503.2051981456148 0.22599999999999998 0.721 0.05300000000000005
-3479.848055942568 0.22599999999999998 0.7434999999999999 0.030500000000000083
-3449.598005871539 0.22599999999999998 0.773 0.0010000000000000009
-4136.07817506759 0.2485 0.001 0.7505000000000001
-4181.119792143647 0.2485 0.0235 0.7280000000000001
-4242.250367753209 0.2485 0.046 0.7055
-4246.086761783785 0.2485 0.0685 0.683
-4251.292107368361 0.2485 0.091 0.6605000000000001
-4255.210766389619 0.2485 0.11349999999999999 0.6380000000000001
-4256.857851588519 0.2485 0.136 0.6155
-4257.890216615137 0.2485 0.1585 0.5930000000000001
-4253.135069234833 0.2485 0.181 0.5705
-4246.898113847407 0.2485 0.2035 0.548
-4225.72877494702 0.2485 0.22599999999999998 0.5255000000000001
-4199.704442493017 0.2485 0.2485 0.5030000000000001
-4172.21563226023 0.2485 0.271 0.48050000000000004
-4150.283901365545 0.2485 0.2935 0.4580000000000001
-4120.598461474264 0.2485 0.316 0.43550000000000005
-4091.339652446642 0.2485 0.33849999999999997 0.4130000000000001
-4065.822089366301 0.2485 0.361 0.39050000000000007
-4037.074026726155 0.2485 0.3835 0.36800000000000005
-4007.507993979638 0.2485 0.40599999999999997 0.3455000000000001
-3982.5763206361357 0.2485 0.4285 0.32300000000000006
-3948.4721904655007 0.2485 0.45099999999999996 0.3005000000000001
-3922.3647002406415 0.2485 0.4735 0.2780000000000001
-3891.5924194302615 0.2485 0.496 0.25550000000000006
-3862.7203631846737 0.2485 0.5185 0.2330000000000001
-3835.603006312494 0.2485 0.541 0.21050000000000002
-3805.817458504232 0.2485 0.5635 0.18800000000000006
-3773.9645114173813 0.2485 0.586 0.1655000000000001
-3746.165185678006 0.2485 0.6084999999999999 0.14300000000000013
-3707.7904591703837 0.2485 0.631 0.12050000000000005
-3685.9515943924093 0.2485 0.6535 0.09800000000000009
-3655.3634621718106 0.2485 0.6759999999999999 0.07550000000000012
-3622.22888353425 0.2485 0.6985 0.05300000000000005
-3591.9445228772925 0.2485 0.721 0.030500000000000083
-3555.2285766422574 0.2485 0.751 0.000500000000000056
