-3916.4835157818393 0.17419999999999997 0.05 0.7758
-3904.1302668859216 0.17419999999999997 0.0707 0.7551000000000001
-3891.436392273595 0.17419999999999997 0.0914 0.7344
-3877.6907306781377 0.17419999999999997 0.11209999999999999 0.7137000000000001
-3865.9109039405917 0.17419999999999997 0.13279999999999997 0.6930000000000001
-3848.9674500042165 0.17419999999999997 0.15349999999999997 0.6723000000000001
-3833.2464897212885 0.17419999999999997 0.17419999999999997 0.6516000000000002
-3817.8982541113915 0.17419999999999997 0.19489999999999996 0.6309000000000001
-3803.9167385420496 0.17419999999999997 0.21559999999999996 0.6102000000000001
-3787.534130738304 0.17419999999999997 0.23629999999999995 0.5895000000000001
-3770.404041331618 0.17419999999999997 0.25699999999999995 0.5688000000000002
-3757.138371592107 0.17419999999999997 0.27769999999999995 0.5481000000000001
-3741.2613515131548 0.17419999999999997 0.29839999999999994 0.5274000000000001
-3727.3501100408816 0.17419999999999997 0.31909999999999994 0.5067000000000002
-3706.8465375542282 0.17419999999999997 0.33979999999999994 0.48600000000000015
-3688.2749739361766 0.17419999999999997 0.36049999999999993 0.46530000000000016
-3673.2798666604212 0.17419999999999997 0.38119999999999993 0.44460000000000016
-3654.598508328382 0.17419999999999997 0.4018999999999999 0.42390000000000017
-3635.949033552447 0.17419999999999997 0.4225999999999999 0.40320000000000017
-3616.77477859595 0.17419999999999997 0.4432999999999999 0.3825000000000002
-3597.4614649666 0.17419999999999997 0.4639999999999999 0.3618000000000002
-3577.7009917896858 0.17419999999999997 0.4846999999999999 0.3411000000000002
-3557.7401053084423 0.17419999999999997 0.5054 0.32040000000000013
-3538.7965025874387 0.17419999999999997 0.5260999999999999 0.2997000000000002
-3519.463858713877 0.17419999999999997 0.5468 0.27900000000000014
-3501.07461082506 0.17419999999999997 0.5674999999999999 0.2583000000000002
-3481.152802280358 0.17419999999999997 0.5882 0.23760000000000014
-3461.603485878999 0.17419999999999997 0.6089 0.2169000000000001
-3438.4183627894677 0.17419999999999997 0.6295999999999999 0.19620000000000015
-3418.5782878089667 0.17419999999999997 0.6502999999999999 0.1755000000000002
-3396.037780249366 0.17419999999999997 0.6709999999999999 0.15480000000000016
-3372.9310527272546 0.17419999999999997 0.6917 0.1341000000000001
-3351.1239776415828 0.17419999999999997 0.7123999999999999 0.11340000000000017
-3326.738696303681 0.17419999999999997 0.7330999999999999 0.09270000000000023
-3305.1451834518234 0.17419999999999997 0.7537999999999999 0.07200000000000017
-3282.407366107899 0.17419999999999997 0.7745 0.05130000000000012
-3259.3167627280786 0.17419999999999997 0.7951999999999999 0.030600000000000183
-4004.918320631438 0.19489999999999996 0.05 0.7551
-3992.627054754476 0.19489999999999996 0.0707 0.7344
-3981.44440037703 0.19489999999999996 0.0914 0.7137
-3963.2612225756266 0.19489999999999996 0.11209999999999999 0.6930000000000001
-3950.6192583689754 0.19489999999999996 0.13279999999999997 0.6723000000000001
-3934.9833923280635 0.19489999999999996 0.15349999999999997 0.6516000000000001
-3922.1235957533577 0.19489999999999996 0.17419999999999997 0.6309
-3906.412453708151 0.19489999999999996 0.19489999999999996 0.6102000000000001
-3890.677423907843 0.19489999999999996 0.21559999999999996 0.5895000000000001
-3875.22646345348 0.19489999999999996 0.23629999999999995 0.5688000000000001
-3857.8730232006715 0.19489999999999996 0.25699999999999995 0.5481
-3842.45475596927 0.19489999999999996 0.27769999999999995 0.5274000000000001
-3826.224906609421 0.19489999999999996 0.29839999999999994 0.5067000000000002
-3811.945971723081 0.19489999999999996 0.31909999999999994 0.4860000000000001
-3794.164260689799 0.19489999999999996 0.33979999999999994 0.4653000000000001
-3777.2070552220766 0.19489999999999996 0.36049999999999993 0.4446000000000001
-3759.4218269798894 0.19489999999999996 0.38119999999999993 0.4239000000000001
-3741.3600050029095 0.19489999999999996 0.4018999999999999 0.4032000000000001
-3722.210927178793 0.19489999999999996 0.4225999999999999 0.3825000000000001
-3703.0106143708117 0.19489999999999996 0.4432999999999999 0.3618000000000001
-3683.1879351015236 0.19489999999999996 0.4639999999999999 0.3411000000000001
-3665.7331643803386 0.19489999999999996 0.4846999999999999 0.32040000000000013
-3644.1396065308445 0.19489999999999996 0.5054 0.2997000000000001
-3625.119176497147 0.19489999999999996 0.5260999999999999 0.27900000000000014
-3607.0650594345384 0.19489999999999996 0.5468 0.2583000000000001
-3587.3404696291705 0.19489999999999996 0.5674999999999999 0.23760000000000014
-3567.936522003671 0.19489999999999996 0.5882 0.2169000000000001
-3546.7221222666276 0.19489999999999996 0.6089 0.19620000000000004
-3526.2446166975997 0.19489999999999996 0.6295999999999999 0.1755000000000001
-3502.574676000365 0.19489999999999996 0.6502999999999999 0.15480000000000016
-3480.7720289045833 0.19489999999999996 0.6709999999999999 0.1341000000000001
-3458.234758102668 0.19489999999999996 0.6917 0.11340000000000006
-3434.862932714311 0.19489999999999996 0.7123999999999999 0.09270000000000012
-3412.786331048184 0.19489999999999996 0.7330999999999999 0.07200000000000017
-3390.143821701951 0.19489999999999996 0.7537999999999999 0.05130000000000012
-3366.933235782524 0.19489999999999996 0.7745 0.03060000000000007
-4091.428992364883 0.21559999999999996 0.05 0.7343999999999999
-4079.9813277104536 0.21559999999999996 0.0707 0.7137
-4066.9232030916637 0.21559999999999996 0.0914 0.693
-4053.4384204621433 0.21559999999999996 0.11209999999999999 0.6723
-4033.8193390995684 0.21559999999999996 0.13279999999999997 0.6516
-4020.0742760554176 0.21559999999999996 0.15349999999999997 0.6309
-4007.1984980718203 0.21559999999999996 0.17419999999999997 0.6102000000000001
-3991.5386269526966 0.21559999999999996 0.19489999999999996 0.5895
-3975.434203076424 0.21559999999999996 0.21559999999999996 0.5688
-3957.761435150704 0.21559999999999996 0.23629999999999995 0.5481
-3944.171565413108 0.21559999999999996 0.25699999999999995 0.5274000000000001
-3929.513459100982 0.21559999999999996 0.27769999999999995 0.5067
-3913.2660750313235 0.21559999999999996 0.29839999999999994 0.48600000000000004
-3896.359121554537 0.21559999999999996 0.31909999999999994 0.46530000000000005
-3879.4181756453695 0.21559999999999996 0.33979999999999994 0.44460000000000005
-3862.36440560979 0.21559999999999996 0.36049999999999993 0.42390000000000005
-3843.9718781920405 0.21559999999999996 0.38119999999999993 0.40320000000000006
-3824.8656086466144 0.21559999999999996 0.4018999999999999 0.38250000000000006
-3806.114604126108 0.21559999999999996 0.4225999999999999 0.36180000000000007
-3786.2043129636377 0.21559999999999996 0.4432999999999999 0.34110000000000007
-3766.762241826476 0.21559999999999996 0.4639999999999999 0.3204000000000001
-3748.2991765494853 0.21559999999999996 0.4846999999999999 0.2997000000000001
-3729.3994190986323 0.21559999999999996 0.5054 0.279
-3710.4986615302896 0.21559999999999996 0.5260999999999999 0.2583000000000001
-3690.4788329622907 0.21559999999999996 0.5468 0.23760000000000003
-3670.585889378164 0.21559999999999996 0.5674999999999999 0.2169000000000001
-3650.9207090773293 0.21559999999999996 0.5882 0.19620000000000004
-3628.5533058789265 0.21559999999999996 0.6089 0.1755
-3607.626640939871 0.21559999999999996 0.6295999999999999 0.15480000000000005
-3584.3092829446277 0.21559999999999996 0.6502999999999999 0.1341000000000001
-3561.1752338148403 0.21559999999999996 0.6709999999999999 0.11340000000000006
-3538.561448851912 0.21559999999999996 0.6917 0.0927
-3516.1850197294107 0.21559999999999996 0.7123999999999999 0.07200000000000006
-3493.6745134462794 0.21559999999999996 0.7330999999999999 0.05130000000000012
-3470.584733768556 0.21559999999999996 0.7537999999999999 0.03060000000000007
