-6258.875389557962 0.7330999999999999 0.05 0.21690000000000015
-6245.1276771605135 0.7330999999999999 0.0707 0.19620000000000015
-6226.911057575498 0.7330999999999999 0.0914 0.17550000000000016
-6210.564446936248 0.7330999999999999 0.11209999999999999 0.15480000000000016
-6193.228959286498 0.7330999999999999 0.13279999999999997 0.13410000000000016
-6174.769207704852 0.7330999999999999 0.15349999999999997 0.11340000000000017
-6158.679292700462 0.7330999999999999 0.17419999999999997 0.09270000000000017
-6137.641641633007 0.7330999999999999 0.19489999999999996 0.07200000000000017
-6117.523388260066 0.7330999999999999 0.21559999999999996 0.05130000000000018
-6096.236711375007 0.7330999999999999 0.23629999999999995 0.030600000000000183
-6347.022539879427 0.7537999999999999 0.05 0.1962000000000001
-6331.699936330247 0.7537999999999999 0.0707 0.1755000000000001
-6312.702401212618 0.7537999999999999 0.0914 0.1548000000000001
-6297.878518182566 0.7537999999999999 0.11209999999999999 0.1341000000000001
-6277.873272488316 0.7537999999999999 0.13279999999999997 0.11340000000000011
-6261.403577875849 0.7537999999999999 0.15349999999999997 0.09270000000000012
-6243.141804610794 0.7537999999999999 0.17419999999999997 0.07200000000000012
-6220.878242567371 0.7537999999999999 0.19489999999999996 0.05130000000000012
-6202.150787500985 0.7537999999999999 0.21559999999999996 0.030600000000000127
-6433.1470410266475 0.7745 0.05 0.17550000000000004
-6417.443623145438 0.7745 0.0707 0.15480000000000005
-6400.6820869122175 0.7745 0.0914 0.13410000000000005
-6383.200171162574 0.7745 0.11209999999999999 0.11340000000000004
-6364.553283556559 0.7745 0.13279999999999997 0.09270000000000006
-6346.134770306201 0.7745 0.15349999999999997 0.07200000000000006
-6326.679093098729 0.7745 0.17419999999999997 0.05130000000000007
-6305.431802906084 0.7745 0.19489999999999996 0.03060000000000007
