-3919.785651204463 0.17419999999999997 0.05 0.7758
-3908.88615515988 0.17419999999999997 0.0707 0.7551000000000001
-3891.4221773468917 0.17419999999999997 0.0914 0.7344
-3876.2478214049734 0.17419999999999997 0.11209999999999999 0.7137000000000001
-3863.3545192060433 0.17419999999999997 0.13279999999999997 0.6930000000000001
-3848.158848552746 0.17419999999999997 0.15349999999999997 0.6723000000000001
-3832.589906896521 0.17419999999999997 0.17419999999999997 0.6516000000000002
-3816.844776467391 0.17419999999999997 0.19489999999999996 0.6309000000000001
-3801.150761036332 0.17419999999999997 0.21559999999999996 0.6102000000000001
-3785.8622287032144 0.17419999999999997 0.23629999999999995 0.5895000000000001
-3770.2244117088367 0.17419999999999997 0.25699999999999995 0.5688000000000002
-3754.7355749574167 0.17419999999999997 0.27769999999999995 0.5481000000000001
-3737.6524980409667 0.17419999999999997 0.29839999999999994 0.5274000000000001
-3723.7091865752577 0.17419999999999997 0.31909999999999994 0.5067000000000002
-3709.9584426422416 0.17419999999999997 0.33979999999999994 0.48600000000000015
-3693.789156931847 0.17419999999999997 0.36049999999999993 0.46530000000000016
-3678.0319450976194 0.17419999999999997 0.38119999999999993 0.44460000000000016
-3661.047652373837 0.17419999999999997 0.4018999999999999 0.42390000000000017
-3641.8459794554324 0.17419999999999997 0.4225999999999999 0.40320000000000017
-3620.3133953807946 0.17419999999999997 0.4432999999999999 0.3825000000000002
-3602.6085633937478 0.17419999999999997 0.4639999999999999 0.3618000000000002
-3584.01217117266 0.17419999999999997 0.4846999999999999 0.3411000000000002
-3565.061229036702 0.17419999999999997 0.5054 0.32040000000000013
-3545.2652588149126 0.17419999999999997 0.5260999999999999 0.2997000000000002
-3525.2784945833014 0.17419999999999997 0.5468 0.27900000000000014
-3507.337780353752 0.17419999999999997 0.5674999999999999 0.2583000000000002
-3488.4529821689025 0.17419999999999997 0.5882 0.23760000000000014
-3468.7418865708964 0.17419999999999997 0.6089 0.2169000000000001
-3448.382341353292 0.17419999999999997 0.6295999999999999 0.19620000000000015
-3425.737984305348 0.17419999999999997 0.6502999999999999 0.1755000000000002
-3402.0703677142264 0.17419999999999997 0.6709999999999999 0.15480000000000016
-3377.9466538078264 0.17419999999999997 0.6917 0.1341000000000001
-3354.364106372675 0.17419999999999997 0.7123999999999999 0.11340000000000017
-3330.3249442064302 0.17419999999999997 0.7330999999999999 0.09270000000000023
-3306.521053916809 0.17419999999999997 0.7537999999999999 0.07200000000000017
-3282.9739181696455 0.17419999999999997 0.7745 0.05130000000000012
-3258.768586203242 0.17419999999999997 0.7951999999999999 0.030600000000000183
-4007.2928142751066 0.19489999999999996 0.05 0.7551
-3993.474016626913 0.19489999999999996 0.0707 0.7344
-3980.283128533003 0.19489999999999996 0.0914 0.7137
-3962.2448093349403 0.19489999999999996 0.11209999999999999 0.6930000000000001
-3949.231936442633 0.19489999999999996 0.13279999999999997 0.6723000000000001
-3935.1961817986094 0.19489999999999996 0.15349999999999997 0.6516000000000001
-3918.4967489132473 0.19489999999999996 0.17419999999999997 0.6309
-3904.175475665783 0.19489999999999996 0.19489999999999996 0.6102000000000001
-3884.9711626200765 0.19489999999999996 0.21559999999999996 0.5895000000000001
-3872.695511732545 0.19489999999999996 0.23629999999999995 0.5688000000000001
-3856.2915151477796 0.19489999999999996 0.25699999999999995 0.5481
-3841.8008783646837 0.19489999999999996 0.27769999999999995 0.5274000000000001
-3823.783116507105 0.19489999999999996 0.29839999999999994 0.5067000000000002
-3813.0875090249106 0.19489999999999996 0.31909999999999994 0.4860000000000001
-3798.4207786186003 0.19489999999999996 0.33979999999999994 0.4653000000000001
-3782.8899899118474 0.19489999999999996 0.36049999999999993 0.4446000000000001
-3766.1411762196863 0.19489999999999996 0.38119999999999993 0.4239000000000001
-3746.995287539173 0.19489999999999996 0.4018999999999999 0.4032000000000001
-3728.036624041267 0.19489999999999996 0.4225999999999999 0.3825000000000001
-3708.7876798128145 0.19489999999999996 0.4432999999999999 0.3618000000000001
-3689.310067756085 0.19489999999999996 0.4639999999999999 0.3411000000000001
-3670.4128284146764 0.19489999999999996 0.4846999999999999 0.32040000000000013
-3650.578823784817 0.19489999999999996 0.5054 0.2997000000000001
-3631.7029226813333 0.19489999999999996 0.5260999999999999 0.27900000000000014
-3613.230765321172 0.19489999999999996 0.5468 0.2583000000000001
-3594.179619167191 0.19489999999999996 0.5674999999999999 0.23760000000000014
-3575.515067079613 0.19489999999999996 0.5882 0.2169000000000001
-3553.6441559201344 0.19489999999999996 0.6089 0.19620000000000004
-3532.73926491775 0.19489999999999996 0.6295999999999999 0.1755000000000001
-3508.1696205261624 0.19489999999999996 0.6502999999999999 0.15480000000000016
-3484.922604917903 0.19489999999999996 0.6709999999999999 0.1341000000000001
-3461.5181576251707 0.19489999999999996 0.6917 0.11340000000000006
-3437.599369957742 0.19489999999999996 0.7123999999999999 0.09270000000000012
-3413.8719746447387 0.19489999999999996 0.7330999999999999 0.07200000000000017
-3390.1358841684387 0.19489999999999996 0.7537999999999999 0.05130000000000012
-3365.9922536632016 0.19489999999999996 0.7745 0.03060000000000007
-4093.326662984409 0.21559999999999996 0.05 0.7343999999999999
-4078.853634636382 0.21559999999999996 0.0707 0.7137
-4064.2388102454906 0.21559999999999996 0.0914 0.693
-4051.4481172509163 0.21559999999999996 0.11209999999999999 0.6723
-4035.572942527187 0.21559999999999996 0.13279999999999997 0.6516
-4020.214730501918 0.21559999999999996 0.15349999999999997 0.6309
-4004.6102866279084 0.21559999999999996 0.17419999999999997 0.6102000000000001
-3989.1796387070567 0.21559999999999996 0.19489999999999996 0.5895
-3973.4812059942165 0.21559999999999996 0.21559999999999996 0.5688
-3957.860714031229 0.21559999999999996 0.23629999999999995 0.5481
-3942.352406800675 0.21559999999999996 0.25699999999999995 0.5274000000000001
-3927.4288246103224 0.21559999999999996 0.27769999999999995 0.5067
-3911.276716346125 0.21559999999999996 0.29839999999999994 0.48600000000000004
-3898.8225532757815 0.21559999999999996 0.31909999999999994 0.46530000000000005
-3884.3494771616006 0.21559999999999996 0.33979999999999994 0.44460000000000005
-3867.9845617553933 0.21559999999999996 0.36049999999999993 0.42390000000000005
-3849.8550615126164 0.21559999999999996 0.38119999999999993 0.40320000000000006
-3830.5236730593933 0.21559999999999996 0.4018999999999999 0.38250000000000006
-3811.470161000137 0.21559999999999996 0.4225999999999999 0.36180000000000007
-3791.864586574851 0.21559999999999996 0.4432999999999999 0.34110000000000007
-3772.614617951974 0.21559999999999996 0.4639999999999999 0.3204000000000001
-3755.1891766252447 0.21559999999999996 0.4846999999999999 0.2997000000000001
-3735.8733178558505 0.21559999999999996 0.5054 0.279
-3716.326604745156 0.21559999999999996 0.5260999999999999 0.2583000000000001
-3697.3213390213095 0.21559999999999996 0.5468 0.23760000000000003
-3677.7370822480334 0.21559999999999996 0.5674999999999999 0.2169000000000001
-3656.626720339914 0.21559999999999996 0.5882 0.19620000000000004
-3636.3980865429603 0.21559999999999996 0.6089 0.1755
-3613.156045509898 0.21559999999999996 0.6295999999999999 0.15480000000000005
-3588.838083812968 0.21559999999999996 0.6502999999999999 0.1341000000000001
-3565.4337437023814 0.21559999999999996 0.6709999999999999 0.11340000000000006
-3541.3412623018507 0.21559999999999996 0.6917 0.0927
-3517.697175587364 0.21559999999999996 0.7123999999999999 0.07200000000000006
-3493.809996568294 0.21559999999999996 0.7330999999999999 0.05130000000000012
-3469.8640832866754 0.21559999999999996 0.7537999999999999 0.03060000000000007
